All Solution Examples

Sequential DPLL
----------------------------------

0100
0001
1000
0010

0010
1000
0001
0100

Finished in: 56


010000
000100
000001
100000
001000
000010

001000
000001
010000
000010
100000
000100

000100
100000
000010
010000
000001
001000

000010
001000
100000
000001
000100
010000

Finished in: 213

New Approach Concurrent Queue(2 Threads)
----------------------------------------
0100
0001
1000
0010

0010
1000
0001
0100

Finished in : 67


010000
000100
000001
100000
001000
000010

001000
000001
010000
000010
100000
000100

000100
100000
000010
010000
000001
001000

000010
001000
100000
000001
000100
010000

Finished in : 194

No Queue Concurrent DPLL
------------------------

0100
0001
1000
0010

0010
1000
0001
0100

Finished in : 62

010000
000100
000001
100000
001000
000010

001000
000001
010000
000010
100000
000100

000100
100000
000010
010000
000001
001000

000010
001000
100000
000001
000100
010000

Fnished in : 207


